5.574754602612445305e-06
5.812519260281676386e-06
5.055694000462991578e-06
5.852996724236218949e-06
4.730213417482717205e-06
8.441049558529200499e-06
8.364174568555039058e-06
8.347570819443973639e-06
8.347570819443973639e-06
8.364797742588136911e-06
5.737278644162081592e-06
5.628750613980959551e-06
5.628750613980959551e-06
5.641498405441784582e-06
5.628750613980959551e-06
5.783361594679254135e-06
5.688176024458222246e-06
5.688176024458222246e-06
5.682162620499273329e-06
5.688176024458222246e-06
5.627366372352802026e-06
5.576116379036694399e-06
5.565047212962650222e-06
5.565047212962650222e-06
5.576531828392090427e-06
5.737278644162081592e-06
5.746593814098860571e-06
5.746593814098860571e-06
5.652122212337932431e-06
5.746593814098860571e-06
5.783361594679254135e-06
5.745100245046751344e-06
5.745100245046751344e-06
5.639021603995582453e-06
5.745100245046751344e-06
