2.273960508252129155e-06
6.240408631493729652e-06
3.055065126611002241e-06
6.335001114144980627e-06
2.999921147772577921e-06
5.912023039763400019e-06
5.912023039763400019e-06
6.276112385033821461e-06
6.276112385033821461e-06
5.912023039763400019e-06
8.504351769748792484e-06
6.985085445407911456e-06
6.985085445407911456e-06
6.686497065318810602e-06
6.985085445407911456e-06
9.554457668266671307e-06
1.350680907161718334e-05
1.350680907161718334e-05
7.175717430469452430e-06
1.350680907161718334e-05
3.941348693175599448e-06
5.912023039763400019e-06
4.184074923355880974e-06
4.184074923355880974e-06
4.335483562493160070e-06
5.669567846499195837e-06
8.504351769748792484e-06
8.504351769748792484e-06
1.013598696928003129e-05
6.236524631149114658e-06
6.369638445511114487e-06
9.554457668266671307e-06
9.554457668266671307e-06
5.854342610926645775e-06
7.006602290062226021e-06
