2.335207187501021283e-06
2.933888142577873781e-06
2.479794641199290652e-06
2.973274041574130091e-06
2.559649306793448317e-06
3.137893324503608081e-06
3.246479923509619361e-06
3.415007909506848968e-06
3.415007909506848968e-06
3.191774936136762586e-06
2.717264586653337139e-06
2.929121689304614487e-06
2.929121689304614487e-06
2.811371520054113033e-06
2.734703521087314073e-06
2.943092623928184485e-06
2.958490507666201687e-06
2.958490507666201687e-06
3.065410509540668560e-06
2.958490507666201687e-06
2.091928883002405246e-06
2.164319949006412484e-06
2.276671939671232222e-06
2.276671939671232222e-06
2.127849957424508814e-06
2.717264586653337139e-06
2.819235003780168659e-06
2.819235003780168659e-06
3.211530358438981482e-06
2.771046477739827540e-06
2.943092623928184485e-06
3.360416595144828447e-06
3.360416595144828447e-06
4.132116138327851400e-06
2.754744092218567459e-06
