5.500231040523742732e-06
1.102729452183933024e-05
3.535911206902036821e-06
1.133255172518139617e-05
3.867232042228856427e-06
1.181734249076432282e-05
1.057338754522966397e-05
1.303423028442672654e-05
1.303423028442672654e-05
1.026149789816882608e-05
1.531703627777717162e-05
1.171060268380613380e-05
1.171060268380613380e-05
1.141043008983492232e-05
1.171060268380613380e-05
1.673770467813266155e-05
1.673770467813266155e-05
1.673770467813266155e-05
1.173432517950335653e-05
1.673770467813266155e-05
7.878228327176215216e-06
7.048925030153109596e-06
8.689486856284483798e-06
8.689486856284483798e-06
6.840998598779216541e-06
1.021135751851811441e-05
1.032746430167082871e-05
1.032746430167082871e-05
7.606953393223283807e-06
1.032746430167082871e-05
1.115846978542177154e-05
1.673770467813266155e-05
1.673770467813266155e-05
1.673770467813266155e-05
1.227431676396395259e-05
