1.519407233191412816e-06
2.825481348209504268e-06
1.481317279329087343e-06
2.871065574670778710e-06
1.447051439777588113e-06
2.650336145487711823e-06
2.800967695009196419e-06
2.989322522052043054e-06
2.989322522052043054e-06
2.808569810135489757e-06
2.576934774409626815e-06
2.089534682066264540e-06
2.089534682066264540e-06
2.399633562581923340e-06
2.089534682066264540e-06
2.828377279443961469e-06
3.182653937831000012e-06
3.182653937831000012e-06
2.999935661385884856e-06
1.970641322805401278e-06
1.766890763658474549e-06
1.867311796672797542e-06
1.992881681368028561e-06
1.992881681368028561e-06
1.872379873423659415e-06
2.576934774409626815e-06
2.194989298235786958e-06
2.194989298235786958e-06
1.914529160156477428e-06
2.194989298235786958e-06
2.828377279443961469e-06
2.121769291887333341e-06
2.121769291887333341e-06
3.104106474570504260e-06
1.970641322805401278e-06
