2.607508774883415004e-06
3.367804147528236510e-06
3.969505019539037750e-06
3.393473130347319015e-06
4.183413335587394722e-06
4.293836676740754803e-06
4.315526342465955858e-06
4.252908360874994581e-06
4.252908360874994581e-06
4.195867655683735174e-06
3.164535498683936502e-06
2.844265291555550284e-06
2.844265291555550284e-06
2.868262599193853748e-06
2.844251908179713347e-06
3.378003135072017425e-06
2.875141115530354404e-06
2.875141115530354404e-06
3.079087190259082176e-06
2.875141115530354404e-06
2.862557784493836394e-06
2.877017561643970149e-06
2.835272240583330285e-06
2.835272240583330285e-06
2.797245103789157629e-06
3.164535498683936502e-06
3.689098243345583141e-06
3.689098243345583141e-06
3.605217765392406837e-06
3.589159282823083278e-06
3.378003135072017425e-06
2.858195302392671043e-06
2.858195302392671043e-06
2.998350970600218746e-06
3.144014832631938994e-06
