1.685965683186241794e-05
1.358706003907690921e-05
1.310970587235309431e-05
1.377266149025216439e-05
1.004162854523890334e-05
1.406594113048516712e-05
1.416441070430414512e-05
2.124661605645621767e-05
1.409880131057472573e-05
1.416441070430414512e-05
1.406594113048516712e-05
1.423221941713332415e-05
1.423221941713332415e-05
2.134832912569998708e-05
1.423221941713332415e-05
1.407845986725995544e-05
1.341213608428758792e-05
1.341213608428758792e-05
2.011820412643138104e-05
1.341213608428758792e-05
1.406594113048516712e-05
1.425931836298548843e-05
1.409880131057472573e-05
1.409880131057472573e-05
1.425929590774510320e-05
1.406594113048516712e-05
1.419695981031717010e-05
1.419695981031717010e-05
1.527734405526445520e-05
1.424054691024811669e-05
1.407845986725995544e-05
1.398349819106747373e-05
1.398349819106747373e-05
1.449311263230899536e-05
1.398349819106747373e-05
