1.425875679329428639e-06
3.721490419130718298e-06
1.357487901510860576e-06
3.757344720558393788e-06
1.315865141493135640e-06
3.011686609668067086e-06
3.011686609668067086e-06
3.392486791015026542e-06
3.392486791015026542e-06
3.011686609668067086e-06
4.721799300934386447e-06
4.721799300934386447e-06
4.721799300934386447e-06
4.721799300934386447e-06
3.361343107962331597e-06
3.600197802957671681e-06
5.400296704436508792e-06
5.400296704436508792e-06
2.869392756559649477e-06
5.400296704436508792e-06
2.007791073112044865e-06
3.011686609668067086e-06
2.261657860676684361e-06
2.261657860676684361e-06
2.208570180423249818e-06
3.147866200622924298e-06
4.721799300934386447e-06
4.721799300934386447e-06
4.721799300934386447e-06
2.240895405308221065e-06
3.600197802957671681e-06
5.400296704436508792e-06
5.400296704436508792e-06
2.627987288042844328e-06
3.960217583253439612e-06
